5 4 3 7 8 4 3 1 3  
15 1 60 1 43 24 3 55 23 86 71 42 72 74 35 77 84 30 21 14 84 0 89 11 98 68 28 73 76 86 83 52 83 56 9 30 35 77 86 50 18 4 15 53 57 86 92 7 57 92 93 29 57 95 65 46 33 40 44 80 56 63 72 86 1 83 86 93 50 11 56 71 14 72 86 84 57 77 44 0 4 86 86 
25 28 71 18 48 35 97 93 52 93 47 25 54 60 59 36 66 68 24 79 29 75 39 54 12 25 35 25 54 25 25 97 52 18 24 35 18 60 66 48 24 54 59 36 93 
6 41 24 40 85 2 92 72 86 59 7 40 73 73 72 50 42 99 23 48 95 19 50 16 31 60 49 20 64 93 0 35 6 20 44 8 87 35 66 48 73 31 20 64 86 40 72 40 19 35 23 87 35 92 92 20 24 40 86 35 15 39 39 47 37 66 25 50 64 7 57 13 71 38 45 
76 19 23 40 84 6 67 41 34 66 79 11 38 5 61 60 64 5 18 72 84 91 27 21 20 99 47 77 12 91 85 53 38 88 37 96 66 25 41 46 66 21 32 72 59 33 74 47 8 36 40 36 85 30 10 60 63 37 60 40 70 76 26 50 82 82 48 71 46 65 45 2 90 81 56 69 55 71 0 90 26 83 82 45 10 4 83 51 16 76 2 88 72 72 22 56 46 74 22 67 5 85 38 82 56 56 72 91 41 16 36 51 47 40 85 
81 8 30 80 88 38 90 55 37 45 70 32 41 26 46 39 80 50 21 81 11 63 2 64 29 23 45 9 67 27 94 41 34 83 61 59 82 88 20 51 39 83 4 83 83 51 80 39 59 80 11 80 82 21 83 2 50 23 83 38 20 41 41 
29 28 45 62 70 33 6 44 45 80 52 70 26 37 40 54 1 18 69 82 47 27 3 15 71 20 40 61 97 15 80 3 15 44 1 20 61 70 1 18 71 37 6 29 33 47 26 6 45 15 39 39 47 37 66 25 50 64 7 57 13 71 38 45 
79 39 65 26 65 8 92 14 87 13 43 27 63 96 16 90 63 48 93 90 63 39 8 87 65 63 92 92 63 13 39 16 87 27 39 14 39 39 63 
14 27 34 40 62 40 72 37 11 3 75 65 4 8 17 9 69 48 14 45 57 22 31 13 9 14 31 22 8 27 17 45 62 22 65 8 40 27 27 40 31 65 45 45 
46 62 46 15 8 15 93 31 46 43 95 44 14 12 66 96 19 2 59 39 58 1 39 16 89 19 89 4 34 51 83 53 81 17 38 51 71 69 45 28 61 39 25 78 91 15 39 39 47 37 66 25 50 64 7 57 13 71 38 45 71 66 59 35 47 14 57 13 79 63 50 90 54 22 2 75 87 87 73 28 99 98 5 77 14 35 70 24 34 57 50 39 15 98 90 75 39 70 28 66 43 13 98 37 14 39 61 78 
19 59 36 46 7 89 7 21 74 91 27 15 44 31 89 76 54 55 28 37 4 19 73 32 17 16 45 77 62 76 17 27 15 7 16 15 7 62 74 19 28 17 76 15 28 89 89 62 7 19 59 36 46 7 89 7 21 74 91 27 15 44 31 89 76 54 55 28 37 4 19 73 32 17 16 45 77 62 15 39 39 47 37 66 25 50 64 7 57 13 71 38 45 
